1629378075
378728
33345332
33144414
3312560802
33143898
33144583
245498398
33144588
264055538
33144591
33144596
33144601
33144605
33144611
33144616
33144621
33144659
33144750
50655845
64971266
29048472
64975551
64975746
64975131
29048460
393375
64975949
5322689627
3337813458
1850015446
1850015448
33345291
251523470
33345293
33344817
33344816
2423479559
33344812
251207329
394751
1371563074
1371563077
378727
213287623
264055540
33144941
320192043
33144947
392224
162796578
33144997
26405248
33144747
33345285
33345298
33345303
33144069
33144487
393924
33144644
60631071
401838
33344810
33344809
33344808
33344811
33344253
392442
655018
33144366
33143888
33144424
33144422
33143821
33144427
33144459
292365649
33144463
50655844
33144648
33144491
283324413
33345286
33345287
394989
33345289
655012
33144500
29048465
283324403
33344801
33344802
264055539
33143825
25280482
33144572
33345320
33345319
29048470
64970627
33144755
33174087
29048466
283324405
33144494
33144503
64970487
64972028
33144484
3956260281
33144475
33144471
33144467
33345297
33344824
33345300
33345304
29048468
33144640
29048469
358517297
392301
283324407
33143995
64969715
33144577
33144566
33144560
33143829
33144497
33344806
33344805
33143834
33144629
33344807
33144550
33144555
33345301
33345299
33144633
33144626
33345294
33144655
33144652
33144637
245498401
33144759
33344825
33345311
33345310
